WORD	AoA	AoA	IMG	FAM	LEN_L	LEN_S	LEN_P	MLBF	N
	(Yrs)	(100-700)							
abbey	7.8	480	575	429	5	2	3	2.26	0
abide	8.9	533	160	397	5	2	4	2.22	2
able	5.9	322	200	599	4	2	3	2.67	3
aboard	6.0	345	362	456	6	2	4	2.01	0
abrupt	9.1	557	242	484	6	2	6	2.13	0
absorb	7.4	438	334	501	6	2	5	2.04	0
absurd	8.6	526	142	503	6	2	5	2.41	0
accent	6.3	353	316	560	6	2	6	2.82	2
access	7.7	467	256	543	6	2	5	2.70	0
accuse	7.3	440	239	514	6	2	5	2.56	0
ache	5.4	302	311	575	4	1	2	1.25	3
active	6.6	386	343	551	6	2	5	2.64	0
actor	5.8	324	469	550	5	2	5	2.18	0
actress	5.6	307	562	543	7	2	6	2.53	0
actual	7.1	407	169	607	6	2	5	2.80	0
acute	9.7	609	238	441	5	2	5	2.34	0
adapt	8.0	480	225	523	5	2	5	1.94	2
addict	8.6	532	430	509	6	2	5	2.43	0
address	5.5	299	399	628	7	2	5	2.46	0
adjust	8.1	495	275	513	6	2	5	2.08	0
adopt	6.9	415	274	453	5	2	5	2.09	2
adverse	10.0	607	174	459	7	2	5	2.54	0
afar	7.5	452	250	430	4	2	4	1.35	1
affect	7.5	442	100	597	6	2	5	2.69	1
afford	7.5	452	274	639	6	2	4	2.83	0
agent	7.7	466	405	452	5	2	5	2.62	0
aide	9.1	553	250	394	4	1	2	2.56	8
airport	5.0	252	650	503	7	2	4	2.45	0
aisle	7.0	407	530	478	5	1	2	2.02	0
alive	5.1	283	295	531	5	2	4	2.69	2
allow	5.5	305	170	586	5	2	3	2.45	3
aloft	10.1	619	285	393	5	2	5	2.35	0
aloud	6.0	353	288	514	5	2	4	2.88	1
altar	6.8	407	575	450	5	2	5	2.39	2
alter	6.7	394	238	477	5	2	5	2.97	3
amber	8.1	495	490	449	5	2	5	2.24	0
amongst	6.8	406	235	539	7	2	6	2.28	0
amuse	7.2	422	255	531	5	2	5	2.48	1
anchor	6.5	387	620	436	6	2	5	2.40	0
ancient	7.1	430	409	503	7	2	6	2.90	0
angry	4.5	247	440	592	5	2	5	2.34	0
anguish	8.7	533	184	431	7	2	6	2.38	0
annual	7.4	438	232	469	6	2	5	2.50	0
anthem	8.6	516	330	456	6	2	5	2.85	0
anxious	8.2	488	305	521	7	2	6	2.64	0
apex	11.8	700	226	380	4	2	5	1.48	1
appear	5.7	335	307	542	6	2	4	2.44	1
approve	7.1	415	215	520	7	2	5	2.26	0
apron	5.0	261	541	436	5	2	5	2.05	0
arch	6.5	351	604	463	4	1	2	2.45	1
archer	7.7	459	522	400	6	2	4	2.71	2
argue	5.0	291	395	584	5	2	4	2.23	0
arise	8.4	517	255	464	5	2	4	2.95	1
arouse	10.4	658	317	468	6	2	4	2.99	1
arrest	6.5	374	473	479	6	2	5	2.74	0
arrive	5.1	291	274	607	6	2	4	2.51	0
arrow	5.7	317	463	462	5	2	3	2.14	0
artist	5.3	283	538	488	6	2	5	2.61	0
ascent	9.1	570	265	395	6	2	5	2.65	3
ashore	8.0	477	317	431	6	2	4	2.52	0
askew	10.1	638	129	408	5	2	5	2.59	1
assist	7.5	433	258	508	6	2	5	2.66	0
assure	8.6	527	230	501	6	2	4	2.75	1
asthma	7.9	473	405	505	6	2	4	1.94	0
atom	10.7	692	390	428	4	2	4	2.36	1
attract	6.6	373	226	565	7	2	6	2.47	0
auction	8.7	532	455	422	7	2	4	2.70	1
august	4.5	245	385	527	6	2	5	2.36	0
avenge	9.3	570	225	418	6	2	5	2.45	1
await	7.9	495	260	465	5	2	4	2.56	0
aware	7.3	437	190	562	5	2	4	2.91	2
away	4.4	218	205	642	4	2	3	2.92	2
awesome	7.7	466	260	510	7	2	4	2.17	0
awkward	7.6	460	265	558	7	2	5	1.99	0
axle	9.2	567	395	391	4	2	4	1.39	1
bacon	4.6	252	650	553	5	2	5	2.27	2
badge	4.8	268	481	473	5	1	3	2.55	2
baggage	6.8	393	602	490	7	2	5	2.41	0
bail	8.5	512	251	437	4	1	3	3.14	14
bait	7.3	430	395	422	4	1	3	3.15	3
bake	5.5	313	481	517	4	1	3	3.39	16
bald	5.6	310	547	472	4	1	4	3.23	7
bamboo	6.8	376	552	419	6	2	5	2.20	0
banger	6.4	380	331	425	6	2	5	3.10	8
banner	6.4	368	548	480	6	2	5	3.09	6
barely	6.7	393	261	562	6	2	4	3.14	1
bark	4.8	261	540	492	4	1	3	3.23	14
baroque	10.9	667	243	375	7	2	5	2.11	0
barrage	9.1	551	331	398	7	2	5	2.83	0
bass	8.0	493	429	454	4	1	3	3.24	12
bastard	9.3	560	305	611	7	2	6	2.75	1
bath	3.6	200	664	587	4	1	3	3.37	8
beach	4.4	232	660	541	5	1	3	3.42	7
beagle	9.9	594	362	398	6	2	4	2.97	0
beak	5.2	263	579	450	4	1	3	3.04	11
beaker	5.2	298	570	449	6	2	5	3.19	3
beard	4.9	260	631	480	5	1	3	3.27	3
become	5.8	331	105	614	6	2	5	3.07	1
beech	7.7	459	430	414	5	1	3	3.05	4
beef	5.1	276	625	551	4	1	3	2.90	6
beer	6.5	361	627	642	4	1	3	3.52	13
befall	10.1	640	190	392	6	2	5	2.53	1
behalf	8.1	493	174	486	6	2	5	2.58	0
behind	4.4	243	384	603	6	2	6	3.11	0
bell	4.5	241	566	495	4	1	3	3.61	13
belly	4.9	255	590	529	5	2	4	2.94	7
belt	4.9	268	585	577	4	1	4	3.27	10
bend	4.7	252	468	546	4	1	4	3.37	10
bent	5.2	299	371	533	4	1	4	3.34	14
beware	6.1	349	290	503	6	2	5	2.82	0
bike	4.0	199	649	591	4	1	3	3.09	8
billion	7.1	428	317	506	7	2	6	2.90	2
bishop	6.9	415	585	402	6	2	5	2.24	0
bitch	8.5	518	352	580	5	1	3	2.75	9
bitter	6.7	400	404	530	6	2	5	3.23	8
bizarre	8.8	546	263	520	7	2	5	1.96	0
blame	5.6	309	352	559	5	1	4	2.72	5
bland	8.2	487	256	478	5	1	5	3.10	7
blank	6.2	354	384	537	5	1	5	3.11	6
blast	5.8	335	445	468	5	1	5	3.13	3
blaze	7.1	414	481	456	5	1	4	2.42	5
blazer	7.8	470	499	445	6	2	6	2.52	2
bleak	8.2	502	395	432	5	1	4	2.87	2
blend	6.4	367	315	501	5	1	5	2.90	4
bless	6.1	366	299	503	5	1	4	2.97	1
blew	6.2	361	327	494	4	1	3	2.41	5
blind	5.2	275	396	495	5	1	5	3.09	4
bliss	8.2	507	377	489	5	1	4	2.73	2
bloke	8.0	459	571	617	5	1	4	2.84	1
blond	5.6	303	579	606	5	1	5	3.10	4
blonde	5.3	289	632	606	6	1	5	2.52	0
bloody	6.0	342	540	546	6	2	5	2.45	1
blouse	5.6	313	605	468	6	1	4	2.80	0
blow	4.9	259	399	536	4	1	3	2.66	8
blown	5.6	308	343	535	5	1	4	2.95	4
bluff	8.0	493	217	462	5	1	4	2.36	1
blunder	9.3	587	274	413	7	2	7	2.66	2
blunt	6.3	393	395	502	5	1	5	2.90	1
board	5.6	299	442	529	5	1	3	2.90	3
boiler	6.9	407	530	504	6	2	5	2.98	2
bold	6.5	387	384	493	4	1	4	3.18	11
bomber	8.3	523	455	435	6	2	5	3.01	1
bondage	11.2	675	473	442	7	2	6	2.55	1
bone	4.8	261	625	525	4	1	3	3.24	15
bonus	7.7	459	325	523	5	2	5	2.27	3
boom	5.5	315	449	465	4	1	3	3.53	9
boost	7.1	406	278	469	5	1	4	3.05	2
bore	7.2	428	214	473	4	1	3	3.61	15
boredom	6.5	386	305	562	7	2	5	2.54	0
boring	5.1	275	293	641	6	2	5	3.24	6
born	4.6	245	427	532	4	1	3	3.21	10
borne	9.8	631	191	413	5	1	3	2.76	0
boss	6.6	380	468	527	4	1	3	3.21	9
bottom	4.4	227	505	608	6	2	5	2.82	0
bought	5.3	283	283	630	6	1	3	2.87	4
bounce	4.8	266	481	508	6	1	4	2.88	2
bouncy	4.9	261	475	494	6	2	5	2.72	2
bound	7.3	433	282	476	5	1	4	3.28	7
bout	10.6	665	195	412	4	1	3	2.85	8
bowel	8.8	538	396	434	5	2	4	2.78	4
boxing	6.2	342	630	472	6	2	6	2.48	3
boycott	10.0	600	235	434	7	2	5	1.62	0
bracket	7.7	480	435	469	7	2	6	2.64	1
brand	7.8	477	260	534	5	1	5	3.07	3
brave	4.6	241	329	517	5	1	4	2.92	5
brazen	10.8	683	269	395	6	2	5	2.45	0
brazier	10.3	623	196	379	7	2	7	2.62	0
breach	9.5	590	238	421	6	1	4	2.68	5
bread	3.5	183	650	636	5	1	4	2.99	6
breast	9.7	428	590	555	6	1	5	2.76	0
brewer	7.0	570	396	411	6	2	5	2.70	1
bribe	9.3	531	269	471	5	1	4	2.47	3
bride	8.5	330	668	501	5	1	4	2.74	3
brink	8.7	523	246	421	5	1	5	3.27	7
brisk	7.1	414	257	479	5	1	5	2.48	3
broad	7.6	439	315	514	5	1	4	2.63	2
broke	11.4	283	358	584	5	1	4	2.88	2
bronze	6.8	401	511	433	6	1	5	2.22	0
broom	5.5	313	595	499	5	1	4	2.68	4
brow	7.8	473	425	449	4	1	3	2.83	5
brute	8.2	491	299	425	5	1	4	2.93	0
buck	8.5	524	425	392	4	1	3	3.03	13
build	4.4	240	400	562	5	1	4	3.20	2
bulb	5.5	293	611	510	4	1	4	2.00	2
bulge	7.5	444	475	460	5	1	4	2.19	2
bulk	7.2	407	372	459	4	1	4	2.65	7
bullet	6.5	376	608	443	6	2	5	2.85	4
bumble	6.7	393	300	423	6	2	5	2.85	7
bump	4.2	221	446	495	4	1	4	2.28	8
bundle	5.8	333	459	476	6	2	5	2.80	0
bunk	5.5	303	341	440	4	1	4	2.49	10
burglar	4.9	282	591	486	7	2	6	2.42	0
burner	7.1	433	403	433	6	2	5	3.07	3
burnt	5.4	310	463	543	5	1	4	2.59	2
burst	5.7	308	388	514	5	1	4	2.91	1
bury	5.3	282	402	488	4	2	4	2.87	8
bust	7.1	422	430	482	4	1	4	3.22	11
busy	5.2	282	305	621	4	2	4	2.74	4
butch	9.6	600	433	456	5	1	3	2.64	4
butler	7.1	414	517	415	6	2	6	2.76	2
butt	7.6	466	510	492	4	1	3	1.96	2
caddie	9.0	544	368	381	6	2	4	2.23	1
caddy	9.6	566	426	418	5	2	4	2.41	3
calcium	8.9	540	293	465	7	2	6	2.30	0
calf	5.7	331	559	454	4	1	3	3.07	3
calm	5.9	331	366	562	4	1	3	2.92	4
camel	5.5	315	648	426	5	2	4	2.80	1
camper	7.1	426	482	424	6	2	6	3.08	5
campus	10.5	634	421	540	6	2	6	2.58	0
cancer	8.3	500	429	527	6	2	6	3.04	4
candy	4.3	236	575	447	5	2	5	2.80	7
cane	6.2	348	543	443	4	1	3	3.32	19
cannon	6.1	333	615	427	6	2	5	2.92	3
canyon	8.6	520	566	415	6	2	6	2.27	2
cape	5.7	319	520	428	4	1	3	2.68	14
captive	7.8	467	360	453	7	2	6	2.69	0
capture	6.4	366	338	464	7	2	6	2.72	1
carat	9.5	585	283	384	5	2	5	2.83	0
carbon	10.3	656	390	443	6	2	5	2.65	1
card	4.6	245	576	562	4	1	3	3.19	12
careful	5.1	293	252	610	7	2	5	2.69	0
carol	5.3	289	372	422	5	2	5	2.40	1
carp	9.1	553	360	373	4	1	3	2.54	7
carry	4.7	248	341	586	5	2	4	2.98	5
carver	8.8	564	285	402	6	2	5	3.07	4
cash	6.1	342	575	666	4	1	3	3.15	12
cashier	7.3	435	493	514	7	2	5	2.94	0
casual	7.3	426	323	580	6	2	5	2.87	0
catch	6.8	256	425	561	5	1	3	3.05	6
cathode	12.1	700	400	371	7	2	5	2.80	0
caution	7.2	426	269	513	7	2	4	2.76	1
cave	5.5	291	589	457	4	1	3	3.62	16
cease	9.1	562	214	449	5	1	3	3.00	3
ceiling	5.5	308	587	504	7	2	5	3.15	2
cell	8.1	500	469	503	4	1	3	3.26	10
cello	6.8	392	613	406	5	2	4	2.18	3
cement	6.6	393	525	473	6	2	6	2.78	0
cereal	4.5	245	608	621	6	2	5	2.85	0
cervix	11.5	700	465	404	6	2	6	1.90	0
chalice	10.2	623	372	382	7	2	5	2.92	0
chalk	4.8	260	603	432	5	1	3	2.55	0
chaos	6.9	401	426	499	5	2	4	2.15	2
charge	6.5	366	257	583	6	1	3	2.85	1
cheap	5.6	322	311	631	5	1	3	3.02	1
cheer	5.4	305	365	520	5	1	3	3.47	2
cheque	7.9	463	559	565	6	1	3	2.25	0
chess	6.9	407	590	438	5	1	3	3.30	4
chest	5.6	302	551	509	5	1	4	3.40	3
chew	4.3	230	429	543	4	1	2	3.01	4
chin	4.6	237	585	513	4	1	3	2.86	6
chip	4.6	247	595	567	4	1	3	2.66	8
choose	5.5	313	239	624	6	1	3	2.97	1
choral	9.0	537	343	412	6	2	5	2.70	0
chubby	5.5	315	530	513	6	2	4	2.06	0
cigar	7.4	439	644	447	5	2	5	2.70	0
circus	5.1	261	595	418	6	2	5	2.23	0
clan	9.1	564	335	408	4	1	4	2.78	7
clause	11.1	700	260	419	6	1	4	2.54	0
clement	9.9	607	178	338	7	2	7	2.69	1
clergy	9.5	597	490	397	6	2	5	2.48	0
click	5.8	320	320	576	5	1	4	3.07	8
client	8.7	546	405	485	6	2	6	2.71	0
climate	7.6	453	382	486	7	2	6	2.60	0
climax	9.1	551	360	466	6	2	7	2.18	0
climb	4.8	240	485	540	5	1	4	2.41	0
cling	6.5	380	421	486	5	1	4	3.25	5
cloak	5.5	315	543	433	5	1	4	2.63	2
clobber	8.1	492	282	412	7	2	6	2.52	0
clock	4.1	210	640	636	5	1	4	2.90	7
closure	9.0	553	269	453	7	2	6	2.67	0
cloth	4.9	255	487	529	5	1	4	3.00	2
cloud	4.3	223	624	558	5	1	4	2.92	2
clue	5.8	322	339	520	4	1	3	2.28	4
clumsy	5.9	338	402	510	6	2	6	1.82	0
clung	7.1	418	270	447	5	1	4	3.05	5
cluster	8.0	480	430	463	7	2	7	2.79	2
clutch	8.4	510	415	486	6	1	4	2.16	1
clutter	7.0	414	487	501	7	2	6	2.71	3
coach	5.6	300	624	513	5	1	3	3.20	4
coarse	8.8	531	302	443	6	1	3	2.83	2
coaster	7.3	439	465	449	7	2	6	2.91	2
cock	7.7	389	611	484	4	1	3	2.89	11
cockney	9.9	626	325	438	7	2	5	2.33	0
cocoa	6.0	341	563	476	5	2	4	2.02	0
code	6.3	359	299	510	4	1	3	3.01	11
coerce	11.5	700	145	389	6	2	4	2.58	0
coin	4.6	241	626	588	4	1	3	2.76	5
cola	5.3	307	608	542	4	2	4	2.28	5
collect	5.8	322	279	570	7	2	6	2.96	0
colonel	8.9	544	433	398	7	2	4	2.67	0
colour	3.6	183	552	650	6	2	5	2.79	0
combat	7.7	460	464	463	6	2	6	2.61	0
comet	8.0	492	525	426	5	2	5	3.02	3
comma	7.1	429	555	516	5	2	4	2.45	1
command	7.1	413	300	488	7	2	6	2.74	1
comment	7.7	480	245	557	7	2	6	2.85	1
compare	7.1	401	166	594	7	2	6	2.88	1
compass	7.2	422	600	445	7	2	6	2.74	0
compete	6.5	380	299	511	7	2	6	2.83	2
complex	9.1	553	263	543	7	2	8	2.72	0
conceal	8.4	477	274	460	7	2	6	2.93	0
concept	9.3	570	197	536	7	2	7	2.59	2
concoct	9.4	573	266	421	7	2	7	2.51	0
confer	9.7	614	226	425	6	2	6	2.62	1
confess	7.1	433	291	472	7	2	6	2.68	1
confide	9.2	567	238	511	7	2	6	2.61	1
conform	9.6	581	172	471	7	2	6	2.52	1
confuse	6.6	380	262	580	7	2	7	2.64	0
conquer	7.2	420	364	405	7	2	6	2.44	0
consent	8.5	527	226	501	7	2	7	3.00	2
contain	6.4	378	250	560	7	2	6	2.98	0
contend	9.5	570	201	445	7	2	7	3.03	1
contest	6.9	426	278	497	7	2	7	3.10	2
context	9.4	570	213	506	7	2	8	2.64	2
convene	10.9	661	205	402	7	2	6	2.68	1
convent	8.5	532	465	434	7	2	7	2.73	4
convert	8.9	546	245	508	7	2	6	2.67	2
convict	8.7	526	384	427	7	2	7	2.70	0
convoy	9.2	564	396	422	6	2	5	2.01	1
cook	4.5	237	529	614	4	1	3	3.34	11
copy	5.3	295	388	575	4	2	4	2.44	3
cord	6.5	384	455	443	4	1	3	3.28	10
cork	6.5	386	619	458	4	1	3	3.33	8
corn	5.3	299	580	469	4	1	3	3.20	10
corpse	8.3	498	534	464	6	1	4	2.47	0
corrupt	8.9	533	220	482	7	2	6	2.38	0
cortex	12.2	700	293	460	6	2	6	2.69	1
couch	5.5	310	511	525	5	1	3	3.33	6
cough	4.7	252	497	584	5	1	3	2.98	5
count	4.2	220	390	558	5	1	4	3.45	3
counter	5.3	305	465	479	7	2	6	3.21	1
county	7.4	433	317	483	6	2	5	2.98	2
coup	11.8	700	195	385	4	1	2	2.67	1
coward	6.8	401	251	471	6	2	4	2.76	1
craft	6.6	360	413	468	5	1	5	2.54	3
crap	9.0	553	335	638	4	1	4	2.10	8
crash	4.9	268	534	513	5	1	4	2.83	5
crater	8.2	502	555	404	6	2	6	3.07	2
crawl	4.3	234	475	520	5	1	4	2.29	3
crazy	5.9	339	416	595	5	2	5	2.29	1
credit	9.0	547	311	576	6	2	6	2.40	0
creek	7.5	428	378	423	5	1	4	2.67	5
creep	6.8	394	354	475	5	1	4	2.84	3
crept	5.9	324	281	483	5	1	5	2.60	3
crest	8.1	491	311	412	5	1	5	3.15	5
crevice	9.7	605	400	445	7	2	6	2.67	0
cricket	5.9	337	603	486	7	2	6	2.62	0
crisis	8.4	523	279	499	6	2	6	2.48	2
crisp	4.3	227	535	591	5	1	5	2.51	1
critic	10.0	602	226	485	6	2	6	2.64	0
crop	5.9	314	474	452	4	1	4	2.70	5
cross	5.2	279	567	577	5	1	4	3.04	6
crowd	5.7	334	575	583	5	1	4	2.66	2
crown	4.8	245	645	447	5	1	4	2.94	7
crude	9.3	570	246	483	5	1	4	2.58	1
cruel	5.6	327	300	525	5	1	4	2.49	3
cruise	7.1	426	516	442	6	1	4	2.41	1
crumble	5.6	310	475	495	7	2	6	2.33	2
crunchy	5.0	283	404	546	7	2	6	2.19	0
crust	5.1	298	540	520	5	1	5	2.94	4
crystal	6.2	353	566	454	7	2	6	2.23	0
cubic	8.8	546	287	430	5	2	6	1.97	1
culture	7.6	463	287	541	7	2	6	2.59	1
curb	6.5	384	441	488	4	1	3	2.11	4
cure	6.8	363	346	496	4	2	5	2.96	11
curious	6.9	394	254	513	7	2	6	2.88	1
current	7.7	466	330	578	7	2	6	2.90	1
curry	6.7	361	587	564	5	2	4	2.55	4
cushion	5.0	268	613	572	7	2	4	2.76	0
custom	8.3	484	166	506	6	2	6	2.46	0
cutter	6.0	353	367	402	6	2	5	3.06	5
daisy	4.6	236	640	440	5	2	4	2.37	2
dame	8.5	539	410	408	4	1	3	3.36	17
damp	5.9	322	461	531	4	1	4	2.86	8
dandy	9.6	610	275	421	5	2	5	2.69	6
dangle	6.9	406	429	462	6	2	5	2.86	6
dapper	10.9	666	274	370	6	2	5	2.81	3
dare	5.4	299	246	514	4	1	3	3.38	17
darling	5.0	283	270	575	7	2	5	3.17	2
data	8.9	553	375	564	4	2	4	2.52	1
deaf	5.6	310	323	496	4	1	3	2.68	5
dealt	7.8	463	154	514	5	1	4	2.94	1
dean	10.9	671	325	402	4	1	3	3.30	9
debt	8.7	523	283	569	4	1	3	1.91	2
decay	7.7	459	445	465	5	2	4	2.28	3
decent	8.2	498	246	520	6	2	5	3.02	3
deed	8.1	495	240	451	4	1	3	3.27	13
delight	6.3	347	429	502	7	2	5	2.86	0
delude	10.2	638	200	427	6	2	5	2.42	1
deluge	11.4	700	340	365	6	2	6	2.77	1
demon	7.2	426	533	454	5	2	5	2.00	2
dense	8.4	500	279	492	5	1	4	2.88	2
dentist	5.2	283	635	480	7	2	7	3.02	0
descent	8.2	507	287	445	7	2	6	2.88	1
desert	5.4	305	615	514	6	2	5	2.88	0
deserve	6.4	373	209	562	7	2	5	2.69	1
desk	4.8	264	614	590	4	1	4	2.83	3
despise	8.0	467	300	478	7	2	6	2.84	1
destroy	6.1	338	360	517	7	2	6	2.67	0
detail	6.7	399	228	550	6	2	5	2.65	2
deviant	9.6	583	254	439	7	2	7	2.64	1
devise	9.1	560	160	471	6	2	5	2.82	3
digit	7.5	452	457	469	5	2	5	2.60	0
dinner	3.7	181	590	694	6	2	5	3.04	2
direct	7.1	407	160	541	6	2	6	2.77	0
dirt	4.3	220	475	562	4	1	3	2.76	5
disband	11.5	688	181	395	7	2	7	2.56	0
disco	6.3	361	579	517	5	2	5	1.53	1
disease	6.2	353	436	499	7	2	5	2.72	0
dish	4.4	221	594	594	4	1	3	2.73	5
dismiss	7.6	467	205	506	7	2	6	2.41	0
dispose	8.0	492	269	493	7	2	6	2.80	0
dissent	11.3	671	191	404	7	2	6	2.94	1
distant	6.9	407	355	506	7	2	7	2.93	0
diverse	9.4	567	217	513	7	2	5	2.61	1
divert	9.3	562	218	461	6	2	5	2.68	2
dizzy	5.0	268	376	516	5	2	4	1.50	1
dodgy	7.6	466	300	576	5	2	4	2.27	3
dogma	12.3	700	100	401	5	2	5	1.72	0
dole	10.5	647	265	422	4	1	3	3.18	15
dome	6.5	384	529	443	4	1	3	3.59	12
doom	7.4	430	260	440	4	1	3	3.59	6
dopey	6.4	361	358	463	5	2	4	2.57	1
dose	7.1	415	302	468	4	1	3	3.27	12
drab	8.9	520	320	429	4	1	4	2.07	6
draft	7.8	469	302	472	5	1	5	2.57	3
drag	5.3	289	366	520	4	1	4	2.14	7
draught	7.7	473	330	460	7	1	5	2.63	2
draw	4.4	227	414	584	4	1	3	2.19	5
drawn	5.1	291	275	498	5	1	4	2.69	6
dream	5.0	282	463	592	5	1	4	2.90	3
dress	4.1	227	661	592	5	1	4	3.08	5
dresser	6.9	407	506	451	7	2	6	2.91	2
drew	5.1	276	269	505	4	1	3	2.74	4
drift	7.2	420	331	492	5	1	5	2.60	1
drive	4.7	248	517	650	5	1	4	2.84	1
drop	4.4	225	410	576	4	1	4	2.87	3
drought	7.7	463	354	429	7	1	4	3.03	3
drown	5.7	313	465	466	5	1	4	2.97	5
drug	7.9	424	580	546	4	1	4	1.82	2
drunk	7.5	466	450	614	5	1	5	3.02	3
dubious	9.4	583	160	468	7	2	7	2.44	0
duet	7.7	449	402	449	4	2	5	2.28	6
duke	6.7	401	402	428	4	1	4	2.53	4
dumb	5.5	306	274	541	4	1	3	2.16	2
dung	6.9	407	534	412	4	1	3	2.67	7
dust	5.8	330	497	510	4	1	4	3.21	11
duster	5.9	333	576	486	6	2	6	3.08	3
dustpan	5.8	327	585	501	7	2	7	1.56	1
dusty	6.0	339	498	495	5	2	5	2.41	7
duty	7.7	446	274	501	4	2	5	2.40	1
duvet	5.6	314	617	611	5	2	4	1.83	0
dwarf	5.1	276	608	437	5	1	4	2.01	0
eager	7.6	456	245	517	5	2	4	2.83	3
eagle	5.7	313	625	462	5	2	3	2.45	0
earn	7.0	401	311	547	4	1	2	3.01	7
ease	7.3	387	302	524	4	1	2	3.15	6
edit	8.2	492	234	540	4	2	4	1.54	2
eighth	6.2	359	226	466	6	1	3	2.63	2
eighty	5.4	299	423	520	6	2	3	2.66	3
eldest	5.6	330	367	562	6	2	6	2.42	1
elite	10.3	632	283	469	5	2	4	2.69	0
elude	10.5	645	129	423	5	2	4	2.22	1
employ	8.8	546	240	526	6	2	5	1.94	0
empty	4.9	261	414	555	5	2	5	2.23	0
enact	9.1	558	291	415	5	2	5	2.23	1
endless	6.6	380	282	517	7	2	6	2.44	0
endure	9.0	553	178	476	6	2	6	2.73	1
enjoy	4.6	252	364	626	5	2	4	2.14	1
enrage	9.0	553	377	439	6	2	5	2.38	1
ensure	8.6	524	185	505	6	2	5	2.93	3
entail	9.7	581	100	466	6	2	5	2.49	0
entry	6.0	330	293	565	5	2	5	2.59	0
envy	7.8	412	366	500	4	2	4	1.58	0
equine	11.5	697	353	411	6	2	5	2.31	0
erode	8.9	553	386	427	5	2	4	2.39	0
escape	6.0	331	379	520	6	2	5	2.08	0
escort	8.3	520	334	453	6	2	5	2.56	0
estate	8.1	492	469	480	6	2	5	2.29	0
ethnic	9.4	567	356	486	6	2	5	2.02	0
event	6.8	406	261	566	5	2	5	2.87	0
ever	5.4	310	100	642	4	2	4	3.34	3
evoke	10.5	647	186	439	5	2	4	2.52	0
exam	6.9	407	529	591	4	2	5	1.45	0
excel	9.4	570	274	456	5	2	5	1.86	1
exclaim	7.8	472	300	456	7	2	7	2.27	0
exert	9.3	570	223	462	5	2	5	2.45	0
exist	7.2	422	215	523	5	2	6	2.52	0
expel	8.5	532	270	447	5	2	6	2.02	1
expense	7.7	470	160	551	7	2	7	2.82	1
expert	7.6	469	325	540	6	2	6	2.69	2
explore	6.4	371	310	524	7	2	7	2.70	1
export	8.1	491	251	472	6	2	6	2.64	2
eyeball	5.2	261	620	499	7	2	4	1.61	0
facial	8.1	487	481	520	6	2	4	2.86	1
faint	6.8	393	425	488	5	1	4	3.08	5
fair	5.0	276	286	558	4	1	3	3.11	4
fake	6.5	371	280	524	4	1	3	3.34	14
faker	7.2	414	281	449	5	2	5	3.15	5
false	6.0	353	230	530	5	1	4	2.62	0
falter	9.8	612	225	449	6	2	6	3.06	4
fame	6.7	400	386	508	4	1	3	3.43	13
famous	5.8	314	432	588	6	2	5	2.80	0
fare	7.7	461	353	513	4	1	3	3.46	17
fate	7.9	477	232	503	4	1	3	2.99	14
fatigue	9.9	602	245	475	7	2	5	2.26	0
faucet	10.5	643	356	386	6	2	5	2.64	0
favour	6.5	380	254	569	6	2	5	2.64	1
fearful	7.0	414	317	475	7	2	5	2.46	1
feat	8.9	531	228	424	4	1	3	3.65	12
feline	8.5	519	469	433	6	2	5	2.84	0
ferret	7.5	453	611	423	6	2	5	2.74	0
feudal	11.2	700	123	422	6	2	5	1.93	0
fibre	8.4	511	433	496	5	2	5	2.46	0
fiction	6.1	339	287	508	7	2	5	2.91	2
fierce	6.0	333	399	483	6	1	3	2.63	1
fifth	5.0	269	395	496	5	1	4	2.71	3
fifty	5.3	305	435	557	5	2	5	2.63	1
fill	5.1	263	372	540	4	1	3	3.48	15
film	4.9	269	555	614	4	1	4	2.95	3
filter	7.3	435	341	484	6	2	6	2.91	3
filth	6.6	378	455	473	5	1	4	2.70	2
finger	3.5	178	648	621	6	2	6	3.09	6
firm	7.1	422	320	506	4	1	3	2.94	5
fist	5.1	289	612	483	4	1	4	3.31	6
flame	5.3	282	647	518	5	1	4	2.68	4
flank	9.6	586	275	378	5	1	5	3.08	5
flap	5.6	299	423	489	4	1	4	2.44	10
flee	7.9	473	451	432	4	1	3	2.29	8
fleet	8.1	459	352	401	5	1	4	2.75	2
flick	5.7	322	384	506	5	1	4	2.99	4
flicker	7.4	433	408	450	7	2	6	2.67	1
flight	6.0	337	487	531	6	1	4	2.62	5
flint	8.0	487	430	393	5	1	5	3.05	5
float	5.3	296	414	466	5	1	4	2.67	2
floater	7.8	470	329	408	7	2	6	2.73	1
flood	5.6	322	571	503	5	1	4	2.84	2
flour	5.1	275	505	501	5	2	5	2.81	2
flow	6.2	348	429	499	4	1	3	2.68	8
flown	6.1	346	343	494	5	1	4	2.91	4
fluent	7.8	469	223	501	6	2	6	2.28	0
fluid	7.2	429	550	500	5	2	5	2.32	0
flung	7.3	440	313	456	5	1	4	2.97	3
flush	5.6	317	420	532	5	1	4	2.59	5
foam	5.3	308	583	499	4	1	3	2.65	4
fodder	9.3	580	315	373	6	2	5	3.02	2
fold	5.5	317	402	555	4	1	4	3.11	10
folder	5.9	342	565	567	6	2	6	3.02	6
folk	7.1	423	311	460	4	1	3	2.98	3
follow	4.7	263	327	604	6	2	4	2.85	3
fond	7.8	469	283	462	4	1	4	3.25	9
fool	5.9	345	353	531	4	1	3	2.98	10
ford	8.9	541	450	450	4	1	3	3.23	10
foreign	7.0	407	375	532	7	2	5	2.56	0
forge	8.7	538	286	408	5	1	3	2.99	4
former	8.4	520	196	475	6	2	5	3.10	5
forth	7.2	433	225	436	5	1	3	3.17	6
forty	5.6	320	370	535	5	2	4	3.10	4
forum	10.3	647	265	432	5	2	5	2.36	0
fought	6.4	366	395	475	6	1	3	2.90	3
foul	7.0	420	372	510	4	1	3	2.73	6
fourth	5.1	279	317	551	6	1	3	2.89	0
frail	7.8	459	380	447	5	1	4	2.93	3
frank	8.4	511	238	468	5	1	5	3.02	5
frantic	8.6	539	279	465	7	2	7	2.65	0
freak	8.0	510	435	539	5	1	4	2.94	3
fresh	5.6	327	335	595	5	1	4	2.92	1
fright	5.3	286	442	493	6	1	4	2.77	4
fringe	5.1	283	500	490	6	1	5	2.91	2
frock	5.8	330	599	421	5	1	4	2.85	2
frown	5.2	276	525	525	5	1	4	2.93	5
froze	6.1	349	475	530	5	1	4	2.19	0
fuel	7.0	406	494	480	4	1	4	2.34	3
fund	8.0	487	274	494	4	1	4	2.84	4
fungus	7.5	459	540	449	6	2	6	2.40	0
funky	8.9	533	347	543	5	2	5	2.21	1
funny	3.9	198	404	656	5	2	4	2.33	6
furious	7.0	399	358	516	7	2	6	2.87	1
fusion	10.6	654	282	427	6	2	5	2.76	0
fuss	5.7	314	232	536	4	1	3	3.02	4
gain	6.6	358	352	530	4	1	3	3.09	8
gale	7.2	435	457	434	4	1	3	3.01	18
galley	8.9	553	385	372	6	2	4	2.82	2
gamma	11.4	700	238	397	5	2	4	1.97	0
gasp	6.8	366	486	467	4	1	4	2.39	3
gastric	12.0	700	214	408	7	2	7	2.46	0
gate	4.4	236	632	532	4	1	3	2.86	13
gather	6.5	367	319	516	6	2	5	3.24	3
gaunt	9.8	592	323	429	5	1	4	2.79	4
gaze	7.0	407	396	606	4	1	3	2.27	10
gear	6.7	380	469	499	4	1	3	2.97	10
gender	7.6	460	421	536	6	2	6	2.94	5
gene	10.2	636	437	517	4	1	3	2.84	2
ghetto	10.6	636	490	440	6	2	4	1.96	0
ghost	4.2	214	622	482	5	1	4	2.80	0
gift	4.7	255	547	544	4	1	4	2.93	5
gilt	9.2	521	263	408	4	1	4	3.05	9
glacial	9.9	603	445	402	7	2	7	2.73	0
glad	5.7	313	347	573	4	1	4	2.64	2
glamour	7.8	487	408	524	7	2	6	2.48	1
glance	7.5	453	373	506	6	1	5	2.71	0
global	7.8	470	402	516	6	2	5	2.26	0
gloom	7.6	453	416	458	5	1	4	2.50	2
glory	7.1	415	316	461	5	2	5	2.87	0
glow	5.7	322	473	486	4	1	3	2.54	4
goat	3.9	204	636	443	4	1	3	3.37	7
goblet	8.3	505	493	384	6	2	6	2.63	1
goddess	7.5	461	525	432	7	2	5	2.33	1
gold	5.0	276	624	506	4	1	4	3.16	9
golf	5.8	325	621	489	4	1	4	2.99	3
goodbye	3.5	171	390	700	7	2	5	1.77	0
goofy	5.8	322	441	452	5	2	4	2.04	1
gothic	9.9	593	511	460	6	2	5	2.73	0
govern	8.8	531	217	438	6	2	4	2.58	0
grab	5.5	299	429	550	4	1	4	2.11	5
grade	6.9	382	426	553	5	1	4	2.90	7
gradual	7.5	453	235	520	7	2	6	2.64	0
grain	6.4	376	478	463	5	1	4	3.13	5
granite	9.3	560	463	404	7	2	6	2.86	0
granny	3.5	159	650	537	6	2	5	2.40	2
graphic	8.6	527	347	462	7	2	6	2.27	0
grasp	7.1	423	330	489	5	1	5	2.72	1
grass	3.8	190	627	535	5	1	4	3.06	7
gravel	6.3	361	563	432	6	2	5	2.66	3
grease	6.8	394	463	510	6	1	4	2.77	2
grenade	8.1	480	528	408	7	2	6	2.60	0
grey	4.9	268	487	530	4	1	3	3.02	2
griddle	10.7	658	376	392	7	2	5	2.37	0
grim	7.0	421	263	486	4	1	4	2.18	8
grin	5.4	289	567	524	4	1	4	2.51	6
grind	7.0	413	390	464	5	1	5	3.33	2
gross	7.7	451	290	527	5	1	4	3.15	5
grow	5.1	275	390	551	4	1	3	3.14	6
guard	5.9	317	590	497	5	1	3	2.58	0
guest	5.5	306	364	547	5	1	4	2.80	2
guide	6.2	331	450	514	5	1	3	2.56	3
guild	10.7	661	187	391	5	1	4	3.15	3
guilt	7.2	433	250	543	5	1	4	2.84	4
guitar	5.3	299	645	495	6	2	5	2.29	0
gullet	10.8	652	269	408	6	2	5	2.78	2
hackney	11.9	700	250	389	7	2	5	2.18	0
hallway	5.1	293	563	531	7	2	5	2.40	1
hammer	5.0	274	668	472	6	2	5	3.03	1
hammock	6.9	407	585	432	7	2	5	1.94	1
handful	6.2	354	396	532	7	2	7	2.36	0
handle	5.4	305	525	546	6	2	5	3.02	1
handy	6.2	345	223	542	5	2	5	2.79	8
hang	4.8	256	486	540	4	1	3	3.45	11
hanky	6.1	341	502	412	5	2	5	2.47	3
harbour	6.7	350	614	455	7	2	5	2.45	0
hardy	9.5	594	218	442	5	2	4	2.84	3
harm	5.6	299	376	515	4	1	3	3.31	7
harmful	6.4	373	330	533	7	2	6	2.30	0
harsh	7.3	421	263	564	5	1	3	2.94	1
harvest	6.0	320	537	450	7	2	6	2.81	1
hatch	5.7	342	445	424	5	1	3	3.04	7
hate	4.5	251	406	597	4	1	3	3.20	14
hath	10.0	628	144	356	4	1	3	3.53	8
hawk	6.8	400	580	419	4	1	3	2.37	4
hazard	7.4	440	459	495	6	2	5	2.19	0
haze	7.0	407	360	428	4	1	3	2.61	10
header	8.0	498	354	453	6	2	5	3.08	6
heath	8.8	533	334	447	5	1	3	3.15	2
heel	5.7	305	550	511	4	1	3	3.26	7
heir	8.5	533	295	412	4	1	2	2.43	3
herb	6.1	354	571	525	4	1	3	2.84	6
herbal	8.1	498	404	503	6	2	4	2.50	1
hernia	12.6	700	365	393	6	2	5	2.27	0
hidden	5.0	279	356	524	6	2	4	2.77	3
hint	7.1	382	322	539	4	1	4	3.15	8
hippie	8.4	524	600	464	6	2	4	2.00	0
hobble	7.5	459	417	445	6	2	4	2.60	3
hollow	6.5	367	364	457	6	2	4	2.79	1
homage	11.2	681	213	385	6	2	5	2.65	0
honest	5.5	310	202	601	6	2	5	2.73	0
honour	7.5	398	342	474	6	2	4	2.58	0
hood	5.3	291	580	541	4	1	3	3.29	10
hook	5.5	313	595	473	4	1	3	3.30	12
hopeful	6.9	413	246	572	7	2	6	2.39	0
hostess	7.9	472	498	471	7	2	6	2.87	1
hover	7.5	428	360	460	5	2	5	3.28	6
hull	9.1	575	375	395	4	1	3	2.99	14
humane	9.5	574	148	432	6	2	6	2.56	1
humour	7.2	379	369	572	6	2	6	2.69	2
hungry	3.6	191	388	694	6	2	6	2.36	0
hurt	4.0	221	450	573	4	1	3	2.79	4
hymn	5.0	276	399	413	4	1	3	1.08	0
idea	5.5	317	220	623	4	2	3	2.53	0
idiot	6.0	330	423	597	5	2	4	1.91	1
idle	8.7	523	242	450	4	2	3	2.23	2
idol	8.8	546	375	498	4	2	3	1.79	0
ignore	5.8	306	330	579	6	2	5	2.27	0
immense	8.6	527	308	478	7	2	5	2.63	1
impact	8.2	502	355	510	6	2	6	2.27	1
impair	9.5	564	230	466	6	2	5	2.14	0
import	8.1	487	282	482	6	2	5	2.47	1
impose	9.0	553	175	486	6	2	5	2.50	0
impress	7.7	466	299	527	7	2	6	2.59	1
improve	6.7	393	225	569	7	2	6	2.29	0
impulse	8.6	516	293	527	7	2	6	2.28	0
inch	6.4	373	472	524	4	1	3	3.18	1
index	7.7	467	269	524	5	2	6	2.30	0
indoor	4.3	229	390	567	6	2	5	2.40	0
indoors	4.4	212	425	570	7	2	5	2.46	0
infant	6.4	378	600	562	6	2	6	2.44	0
infect	6.9	407	280	497	6	2	6	2.59	3
inflame	9.3	562	339	427	7	2	6	2.04	1
inkling	9.9	625	155	441	7	2	6	2.68	0
inlay	9.7	602	184	391	5	2	4	1.71	0
innate	12.3	700	105	541	6	2	4	2.36	1
input	9.1	554	223	494	5	2	5	1.82	0
insane	7.6	452	299	527	6	2	5	2.46	0
inspect	7.5	439	323	485	7	2	7	2.67	0
install	9.0	546	148	527	7	2	6	2.58	0
intend	7.6	449	123	540	6	2	6	2.82	1
intense	8.6	508	237	520	7	2	6	2.78	1
invest	9.4	575	235	520	6	2	6	2.60	4
invoice	10.8	663	385	471	7	2	5	2.34	0
iron	5.9	307	651	535	4	2	3	2.80	1
isle	7.9	473	390	432	4	1	2	1.58	1
jackal	9.7	569	367	389	6	2	5	2.32	0
jacket	4.8	246	632	642	6	2	5	2.74	2
jail	5.5	313	620	473	4	1	3	2.72	10
jargon	9.8	597	262	417	6	2	5	2.47	0
jazz	7.8	466	551	493	4	1	3	1.69	0
jealous	6.1	352	293	569	7	2	5	2.63	1
jean	5.8	338	463	604	4	1	3	2.87	5
jeep	7.0	413	611	443	4	1	3	2.71	7
jockey	6.6	386	606	415	6	2	4	2.67	1
jogging	6.4	353	585	546	7	2	5	2.74	3
joke	5.0	274	413	601	4	1	3	2.68	5
juggle	5.8	330	562	453	6	2	4	2.41	2
jumble	6.1	335	364	435	6	2	5	2.75	6
junk	6.3	367	469	583	4	1	4	2.73	5
jury	9.1	546	426	461	4	2	4	3.11	2
keen	6.9	393	230	562	4	1	3	3.50	5
kernel	9.8	600	369	387	6	2	4	2.51	1
kidney	7.8	473	593	490	6	2	5	2.21	0
kill	4.4	243	445	536	4	1	3	3.37	13
kingdom	5.9	333	429	436	7	2	6	2.33	0
kinky	11.1	700	427	479	5	2	5	2.35	1
kiss	3.7	178	644	621	4	1	3	2.96	5
knelt	5.8	342	410	485	5	1	4	2.50	1
knife	4.5	245	636	610	5	1	3	2.25	0
knight	5.8	322	580	413	6	1	3	2.47	0
knock	5.1	269	460	591	5	1	3	2.69	1
knot	5.6	303	547	516	4	1	3	2.99	4
lace	5.6	313	560	469	4	1	3	3.28	13
lack	6.8	415	228	525	4	1	3	3.34	16
lager	8.0	485	644	530	5	2	5	2.89	5
lake	4.8	256	616	506	4	1	3	3.36	15
lapel	9.6	586	364	350	5	2	5	2.77	1
latent	11.6	700	193	405	6	2	6	2.96	3
launch	6.8	394	402	463	6	1	4	2.68	2
lavish	9.3	567	263	440	6	2	5	2.68	0
lawn	5.7	326	598	501	4	1	3	2.86	7
lazy	5.3	296	299	607	4	2	4	2.08	4
leaf	4.4	225	655	540	4	1	3	2.75	7
leaflet	6.9	407	552	540	7	2	6	2.49	0
league	7.8	466	360	533	6	1	3	2.51	0
lean	6.4	361	339	491	4	1	3	3.37	11
lecture	9.2	495	570	684	7	2	6	2.94	0
ledge	6.8	407	464	460	5	1	3	2.52	4
legend	7.0	413	291	531	6	2	6	2.72	0
legion	10.0	610	232	402	6	2	5	2.72	1
leisure	7.7	460	360	550	7	2	5	2.63	0
lend	5.9	341	295	558	4	1	4	3.24	10
leopard	5.6	326	580	421	7	2	5	2.42	0
lest	10.2	636	170	385	4	1	4	3.36	16
lettuce	5.1	276	635	558	7	2	5	2.87	0
limb	7.5	446	559	468	4	1	3	2.94	3
limit	6.6	376	223	576	5	2	5	2.58	0
limp	6.9	399	418	450	4	1	4	3.05	6
liquid	5.6	303	587	545	6	2	6	2.05	0
liquor	9.0	505	535	502	6	2	5	2.00	0
list	5.4	293	494	597	4	1	4	3.43	11
litter	5.4	298	620	546	6	2	5	3.45	6
load	6.9	415	330	527	4	1	3	3.09	9
loaf	5.3	296	505	567	4	1	3	2.54	4
loan	8.2	431	419	564	4	1	3	3.16	8
locate	7.6	453	226	462	6	2	5	2.74	1
lone	7.3	433	291	454	4	1	3	3.29	16
loop	6.0	339	481	457	4	1	3	3.21	7
loose	5.3	289	315	536	5	1	3	3.16	4
lorry	4.5	229	636	506	5	2	4	3.03	2
lose	4.6	240	290	579	4	1	3	3.26	12
loud	4.4	243	441	625	4	1	3	2.80	4
lounge	5.3	291	560	578	6	1	4	2.97	0
lousy	8.1	479	234	486	5	2	4	2.91	2
lump	5.1	283	565	495	4	1	4	2.12	8
lung	6.7	393	560	495	4	1	3	2.52	7
lure	9.6	597	245	454	4	1	3	2.93	7
lush	8.6	525	368	506	4	1	3	2.72	8
lust	9.6	577	360	502	4	1	4	3.06	12
madness	6.8	401	335	536	7	2	6	2.44	2
mail	5.3	291	565	594	4	1	3	3.22	15
maize	9.2	567	426	432	5	1	3	2.27	1
mallet	7.2	448	533	419	6	2	5	3.11	5
manic	9.8	612	325	523	5	2	5	2.58	3
mansion	6.6	380	612	443	7	2	5	2.84	0
mantel	11.2	510	345	382	6	2	5	3.01	0
manure	6.8	393	515	429	6	2	6	2.96	1
marry	5.1	282	498	529	5	2	4	3.01	5
mars	6.2	359	567	506	4	1	3	3.09	16
marsh	6.4	380	505	426	5	1	3	2.97	2
marshal	9.4	587	425	403	7	2	4	2.51	0
mask	4.9	269	555	476	4	1	4	3.11	9
massive	6.2	353	418	583	7	2	5	2.76	2
mate	7.1	420	472	640	4	2	4	3.12	19
matrix	12.6	700	274	449	6	2	7	2.23	0
matron	8.7	541	495	388	6	2	6	2.80	1
meagre	10.0	611	205	385	6	2	5	2.63	0
measles	6.4	367	559	413	7	2	5	2.80	0
measure	5.8	316	450	549	7	2	5	2.87	0
meat	3.9	198	636	594	4	1	3	3.57	13
medium	5.8	333	308	572	6	2	6	2.20	1
melt	5.0	276	445	513	4	1	4	3.06	7
memoir	9.9	634	230	418	6	2	6	2.33	0
mention	6.7	386	200	576	7	2	5	3.07	0
mere	8.7	533	117	447	4	1	3	3.53	5
merry	5.8	317	396	477	5	2	4	2.81	7
mess	4.2	223	547	624	4	1	3	3.04	7
methane	10.9	672	232	430	7	2	5	2.92	0
metre	6.0	339	494	539	5	2	5	2.70	1
metric	9.5	593	232	479	6	2	6	2.53	0
middle	4.9	261	299	588	6	2	4	2.83	4
midget	8.2	510	500	460	6	2	5	2.68	1
midst	9.6	608	223	427	5	1	5	2.46	1
midwife	7.5	438	478	427	7	2	6	1.75	0
mighty	6.8	413	330	466	6	2	4	2.69	1
mike	6.9	403	390	537	4	1	3	3.29	11
mild	6.2	361	262	534	4	1	4	3.19	5
mildew	9.3	553	360	398	6	2	6	2.46	1
mileage	8.7	526	317	443	7	2	5	2.75	0
milk	3.6	192	626	640	4	1	4	3.06	6
mill	6.5	380	451	431	4	1	3	3.41	16
mingle	10.2	648	285	512	6	2	5	2.89	5
minor	7.5	439	234	503	5	2	5	2.68	2
mint	5.3	298	485	535	4	1	4	3.23	10
minute	4.9	267	453	674	6	2	6	2.57	0
miser	9.6	585	288	359	5	2	5	2.95	4
missile	8.0	479	620	428	7	2	5	2.84	1
mission	7.3	426	291	516	7	2	4	2.93	1
mistake	5.3	291	255	584	7	2	6	2.58	0
mock	8.1	492	279	501	4	1	3	3.02	12
mode	8.6	511	213	449	4	1	3	3.14	10
modest	8.6	511	250	532	6	2	6	2.89	0
moist	7.1	420	412	510	5	1	4	3.05	1
month	5.1	259	313	603	5	1	4	2.90	1
mood	6.0	346	258	618	4	1	3	3.46	8
moon	3.9	204	648	513	4	1	3	3.38	10
mooring	9.3	557	347	399	7	2	5	3.11	0
moral	8.3	455	309	514	5	2	5	2.95	2
morsel	8.5	523	334	415	6	2	4	2.87	0
moss	6.3	354	579	418	4	1	3	3.32	10
motion	7.3	433	386	499	6	2	4	3.03	3
mound	7.2	426	425	437	5	1	4	3.35	9
mount	7.1	420	376	456	5	1	4	3.36	4
mower	6.6	374	432	427	5	2	4	3.12	7
muck	5.5	307	427	450	4	1	3	3.32	14
muffin	5.7	313	615	537	6	2	5	2.18	1
mumble	6.2	349	280	508	6	2	5	2.79	6
mummy	2.1	100	654	606	5	2	4	2.16	4
murmur	8.2	491	202	456	6	2	5	2.33	0
mustang	10.6	638	477	381	7	2	6	2.93	0
mustard	6.4	378	585	450	7	2	6	2.68	2
myth	6.5	376	302	465	4	1	3	2.16	2
naive	9.9	609	160	499	5	2	4	2.60	1
nanny	4.0	214	525	492	5	2	4	2.49	2
nasty	4.6	241	341	566	5	2	5	2.68	4
naughty	4.0	203	300	596	7	2	4	2.29	1
nausea	8.8	538	339	449	6	2	5	2.40	0
neat	5.4	302	396	577	4	1	3	3.65	11
neck	4.4	223	608	551	4	1	3	2.82	5
neon	8.8	539	497	427	4	2	4	2.25	1
nervous	6.5	386	330	590	7	2	5	2.69	0
nest	5.1	282	584	454	4	1	4	3.36	13
nettle	5.2	291	560	431	6	2	4	3.17	5
network	9.2	580	308	530	7	2	6	2.39	0
neural	11.3	675	286	466	6	2	6	2.24	0
neutral	8.8	546	255	469	7	2	7	2.49	0
neutron	11.5	700	325	412	7	2	7	2.36	0
nickel	8.7	526	311	395	6	2	4	2.56	1
nimble	7.2	441	315	415	6	2	5	2.69	2
nine	3.9	206	468	603	4	1	3	2.99	12
ninety	5.1	291	409	485	6	2	5	2.44	1
ninth	5.4	299	334	450	5	1	4	2.85	0
nipple	7.4	440	611	501	6	2	4	2.65	1
noise	4.1	203	325	613	5	1	3	3.01	3
noon	6.2	352	317	523	4	1	3	3.01	7
norm	9.4	588	142	499	4	1	3	2.99	3
note	5.5	294	557	595	4	1	3	2.77	9
notice	6.3	338	433	590	6	2	5	2.94	1
notion	9.3	568	195	453	6	2	4	2.92	4
nucleus	10.5	661	399	479	7	2	7	2.42	0
nude	7.3	423	599	491	4	1	4	2.06	3
nugget	7.5	426	429	449	6	2	5	2.54	0
nuptial	11.8	700	223	358	7	2	5	2.71	0
nurse	4.8	261	654	509	5	1	3	2.73	2
nylon	8.9	561	415	501	5	2	5	1.80	1
oblige	9.2	580	217	452	6	2	5	2.16	0
obscure	9.5	601	209	484	7	2	7	2.43	0
observe	7.7	452	299	557	7	2	5	2.39	0
obvious	7.1	426	217	628	7	2	5	2.62	0
occur	8.1	502	180	546	5	2	4	1.79	0
offend	7.5	461	283	536	6	2	5	2.86	0
office	6.2	367	612	551	6	2	4	2.77	0
omit	9.7	597	250	452	4	2	4	1.50	1
oppose	8.4	511	246	475	6	2	4	2.57	0
option	6.9	420	243	574	6	2	4	2.52	0
orbit	8.3	518	392	432	5	2	4	2.20	0
orchard	6.7	400	545	427	7	2	4	2.24	0
ordain	10.1	616	230	378	6	2	4	2.08	0
ordeal	8.3	512	196	487	6	2	4	2.51	0
other	5.2	289	105	652	5	2	3	3.38	2
ounce	7.1	437	260	462	5	1	3	2.70	0
outcome	8.0	473	209	488	7	2	5	2.40	0
outlook	8.1	505	266	514	7	2	5	2.06	0
output	8.3	491	111	488	6	2	5	1.87	0
oval	6.4	352	535	435	4	2	3	2.25	2
overt	10.9	674	100	434	5	2	4	2.65	2
oyster	7.8	473	615	426	6	2	5	2.73	0
pack	5.9	361	404	572	4	1	3	3.33	15
packet	5.3	298	495	611	6	2	5	2.94	6
pain	4.7	252	390	562	4	1	3	3.22	10
painful	5.0	269	345	557	7	2	6	2.41	1
pair	4.9	256	433	592	4	1	3	3.12	7
paisley	10.2	616	408	382	7	2	5	2.38	1
pale	5.9	330	436	540	4	1	3	3.14	20
pallet	8.9	546	425	395	6	2	5	3.07	5
panic	6.5	380	395	558	5	2	5	2.58	1
parade	6.5	380	543	464	6	2	5	2.69	0
parcel	5.0	286	606	548	6	2	4	2.75	0
parish	8.0	485	396	380	6	2	5	2.77	3
park	4.2	233	607	582	4	1	3	3.20	13
parka	9.8	595	438	393	5	2	4	2.34	1
parlour	7.7	460	403	404	7	2	5	2.68	0
parole	10.8	647	274	429	6	2	5	2.84	0
passion	9.1	551	396	510	7	2	4	2.91	0
passive	9.0	533	217	485	7	2	5	2.77	1
pastry	6.0	339	593	501	6	2	6	2.74	2
patch	6.0	356	475	484	5	1	3	3.09	7
path	5.0	269	580	565	4	1	3	3.33	8
patrol	7.9	485	339	439	6	2	6	2.66	2
patron	9.9	594	256	405	6	2	6	2.76	2
pause	6.5	361	359	539	5	1	3	3.02	2
payment	7.3	387	446	554	7	2	6	2.43	0
payroll	10.0	614	325	456	7	2	5	1.88	0
peace	6.0	352	390	551	5	1	3	3.14	3
peak	6.8	407	493	490	4	1	3	2.52	11
pearl	6.0	338	602	447	5	1	3	2.66	1
pebble	5.2	283	625	498	6	2	4	2.67	0
peddle	6.1	361	478	462	6	2	4	2.86	3
peel	5.2	283	475	540	4	1	3	2.79	8
peer	9.0	539	311	485	4	1	3	3.00	11
pelvis	9.3	574	516	442	6	2	6	2.33	1
pence	5.2	303	481	649	5	1	4	2.86	4
percent	8.2	484	299	549	7	2	6	2.89	1
perform	6.2	352	299	527	7	2	5	2.58	0
perky	8.4	519	372	456	5	2	4	2.33	3
persist	8.3	495	205	490	7	2	6	2.91	0
pester	6.9	387	257	438	6	2	6	3.29	5
petrol	6.0	353	546	572	6	2	6	2.69	1
petty	8.4	525	230	510	5	2	4	2.41	5
phase	8.0	484	160	506	5	1	3	2.93	1
phone	4.5	248	644	670	5	1	3	2.86	3
phoney	9.1	561	195	422	6	2	4	2.56	3
photo	5.0	268	640	594	5	2	4	2.31	0
pick	4.8	256	331	588	4	1	3	2.83	14
picket	9.2	564	303	391	6	2	5	2.82	5
pier	7.3	420	550	433	4	1	3	2.83	5
pike	8.2	492	334	418	4	1	3	3.12	8
pile	5.4	298	500	548	4	1	3	2.98	12
pill	5.9	341	624	569	4	1	3	3.24	14
pine	6.8	394	478	462	4	1	3	3.03	18
pint	7.3	433	624	610	4	1	4	3.06	11
pipe	5.6	322	617	461	4	1	3	2.43	7
pistol	6.5	374	640	442	6	2	5	2.72	1
pitch	7.0	413	408	468	5	1	3	2.77	7
pity	7.4	382	346	513	4	2	4	2.94	3
plant	4.1	206	617	566	5	1	5	3.13	5
plasma	11.7	700	329	472	6	2	6	2.11	0
plate	4.2	227	596	629	5	1	4	3.09	4
platter	8.8	544	478	412	7	2	6	2.92	4
plea	8.8	553	222	451	4	1	3	2.44	2
plead	7.9	488	265	476	5	1	4	2.89	2
pledge	8.7	533	220	421	6	1	4	2.49	1
plight	10.0	620	226	389	6	1	4	2.70	4
plough	6.7	392	525	434	6	1	3	3.06	1
ploy	9.0	554	209	424	4	1	3	2.02	4
plump	7.0	415	500	445	5	1	5	2.23	5
plural	8.5	508	218	492	6	2	6	2.49	0
poacher	8.1	485	453	411	7	2	5	2.86	1
poison	5.9	327	584	459	6	2	4	2.81	1
poker	7.8	472	530	464	5	2	5	2.92	4
polar	8.5	523	418	419	5	2	5	2.53	2
pole	5.4	302	482	468	4	1	3	2.95	15
polish	6.4	341	533	490	6	2	5	2.72	1
polite	4.7	252	256	551	6	2	5	2.77	2
poll	8.6	539	280	447	4	1	3	3.22	13
pony	3.9	197	632	477	4	2	4	3.02	7
poodle	6.2	366	578	439	6	2	4	2.82	2
pope	7.0	407	566	428	4	1	3	2.66	13
pork	5.0	275	541	524	4	1	3	3.17	8
porter	8.8	539	483	503	6	2	5	3.18	2
pose	7.3	426	364	456	4	1	3	3.04	12
possess	8.0	487	248	518	7	2	5	2.74	0
post	5.0	277	607	606	4	1	4	3.28	13
posture	7.7	460	433	469	7	2	6	2.78	1
posy	7.2	413	343	397	4	2	4	2.80	9
potent	8.9	546	184	459	6	2	6	2.94	1
poultry	8.2	498	438	453	7	2	6	2.49	0
pound	5.1	277	584	652	5	1	4	3.33	7
pram	3.9	197	612	452	4	1	4	2.08	6
pray	4.7	243	502	471	4	1	3	2.39	6
precise	8.0	472	246	514	7	2	6	2.91	1
preface	10.8	700	245	434	7	2	6	2.53	0
premium	9.2	567	205	463	7	2	7	2.42	0
pretzel	8.9	546	602	441	7	2	6	2.23	0
prevent	7.8	460	200	539	7	2	7	2.78	1
preview	8.2	485	282	510	7	2	6	2.45	0
pride	7.6	461	283	502	5	1	4	2.70	5
primal	10.9	667	209	405	6	2	5	2.75	0
prime	8.1	493	209	454	5	1	4	2.65	5
prince	4.4	232	590	457	6	1	5	2.92	1
print	6.6	387	498	592	5	1	5	3.22	2
prior	8.6	532	145	488	5	2	5	2.78	0
prison	5.9	326	554	506	6	2	5	2.88	1
privy	10.9	675	191	376	5	2	5	2.59	0
prize	4.6	252	507	510	5	1	4	2.34	3
probe	8.8	544	331	423	5	1	4	2.42	3
prolong	9.0	539	177	445	7	2	6	3.01	0
prone	9.5	605	200	488	5	1	4	3.00	8
prop	7.7	456	251	465	4	1	4	2.66	9
proper	6.8	413	213	566	6	2	6	3.17	1
propose	7.7	467	351	504	7	2	6	2.95	0
prose	10.3	626	283	447	5	1	4	3.21	4
proud	5.4	296	293	523	5	1	4	2.87	0
prove	7.0	413	221	572	5	1	4	2.91	5
provide	7.6	461	214	557	7	2	6	2.84	0
prudent	10.4	654	197	416	7	2	6	2.80	0
pull	4.9	275	348	618	4	1	3	2.97	13
pulley	8.7	528	409	402	6	2	4	2.75	1
pulpit	7.7	469	426	422	6	2	6	2.25	0
pulse	7.6	446	433	486	5	1	4	2.33	1
pump	6.3	339	503	500	4	1	4	2.26	9
punch	5.3	290	607	516	5	1	4	2.73	5
punish	5.5	306	351	502	6	2	5	2.47	0
pure	6.3	359	251	508	4	1	4	3.07	8
purse	4.8	247	640	599	5	1	3	2.82	5
pursue	8.9	540	251	495	6	2	5	2.52	0
quantum	12.4	700	100	391	7	2	7	2.34	0
quarry	8.3	498	486	430	6	2	5	2.09	0
queer	9.4	567	295	460	5	1	4	3.02	1
quest	7.3	415	297	415	5	1	5	2.94	1
queue	6.1	345	511	591	5	1	3	2.18	0
quibble	9.4	570	218	426	7	2	5	2.24	0
quick	4.8	276	335	629	5	1	4	3.15	2
quit	6.4	371	275	567	4	1	4	1.96	4
rabbi	9.3	587	545	403	5	2	4	1.95	0
racist	9.4	580	395	485	6	2	6	2.78	2
rack	6.6	386	485	502	4	1	3	3.18	15
radiant	8.5	523	362	469	7	2	7	2.36	0
rail	5.2	275	499	530	4	1	3	2.96	12
rainbow	4.2	206	662	469	7	2	5	1.98	0
raisin	4.7	247	635	514	6	2	4	2.63	0
random	7.8	473	180	595	6	2	6	2.69	1
randy	10.7	685	365	486	5	2	5	2.76	6
rank	7.3	440	248	471	4	1	4	2.91	13
rare	7.1	407	254	523	4	1	3	3.32	14
rather	6.2	366	174	647	6	2	5	3.34	3
ration	8.5	500	325	421	6	2	4	3.04	2
razor	6.8	400	575	491	5	2	5	1.98	0
react	7.3	426	270	559	5	2	5	2.80	1
realize	6.3	361	223	604	7	2	5	2.71	0
rear	6.9	423	367	478	4	1	3	3.26	14
rebound	8.0	467	300	468	7	2	6	2.29	1
recent	6.9	407	205	583	6	2	5	3.09	5
record	6.1	324	584	566	6	2	5	3.08	0
reef	8.5	520	485	499	4	1	3	2.72	4
reel	7.1	400	376	429	4	1	3	3.13	8
refill	7.0	407	381	512	6	2	5	2.70	0
reggae	10.9	665	511	468	6	2	4	2.01	0
regime	10.2	623	184	463	6	2	5	2.59	0
region	8.0	491	287	488	6	2	5	2.84	1
relate	7.7	473	226	537	6	2	5	2.72	1
relay	7.1	413	319	469	5	2	4	2.44	4
release	6.7	400	269	543	7	2	5	2.83	0
relic	9.3	587	386	398	5	2	5	2.48	0
relish	8.7	533	295	647	6	2	5	2.75	0
remote	7.4	433	382	553	6	2	5	2.74	1
rent	7.7	417	389	516	4	1	4	3.16	12
repel	8.5	511	262	476	5	2	5	2.51	2
request	7.4	442	154	527	7	2	7	2.53	1
resent	9.1	538	242	476	6	2	6	3.04	3
reserve	7.4	454	214	526	7	2	5	2.73	1
reset	7.7	456	166	520	5	2	5	2.36	1
resign	8.7	520	239	453	6	2	5	2.64	1
resort	7.4	446	369	469	6	2	5	2.73	2
restore	8.3	512	178	488	7	2	6	3.01	0
reverse	6.5	380	376	532	7	2	5	2.84	1
revoke	10.2	626	217	395	6	2	5	2.29	0
reward	5.9	321	413	516	6	2	5	2.65	2
rhythm	6.5	386	300	516	6	2	5	1.57	0
rice	4.9	268	622	584	4	1	3	2.84	13
ride	4.3	223	482	562	4	1	3	2.90	14
ripe	5.7	314	436	506	4	1	3	2.49	10
river	4.2	214	608	525	5	2	5	3.34	10
roach	10.5	648	365	385	5	1	3	3.08	3
robe	6.4	359	566	491	4	1	3	2.23	8
rock	4.3	223	583	551	4	1	3	2.85	12
roll	4.6	236	514	525	4	1	3	3.33	7
root	5.6	322	539	457	4	1	3	3.10	14
rough	5.4	299	343	555	5	1	3	2.86	5
rude	5.2	275	293	606	4	1	3	2.32	6
ruffle	7.6	452	380	447	6	2	4	2.19	2
ruin	6.8	392	376	527	4	2	4	2.38	2
rupee	9.8	603	269	382	5	2	4	2.34	0
rural	8.4	513	438	499	5	2	5	2.55	2
sack	5.4	305	555	471	4	1	3	3.48	14
safe	4.9	259	274	569	4	1	3	2.89	7
sail	5.2	295	599	454	4	1	3	3.25	12
saint	6.8	394	421	429	5	1	4	3.01	4
sale	6.5	376	446	572	4	1	3	3.29	17
saloon	8.1	498	555	384	6	2	5	2.76	1
salute	7.0	414	559	417	6	2	5	2.56	0
salvage	8.3	500	300	438	7	2	6	2.40	0
sane	8.1	492	262	495	4	1	3	3.43	18
sausage	4.3	221	659	553	7	2	5	2.45	0
scabby	6.6	376	432	484	6	2	5	1.95	1
scalpel	9.1	574	585	426	7	2	7	2.02	0
scar	5.7	331	590	482	4	1	4	1.77	5
scarce	8.4	505	178	462	6	1	4	2.60	0
scarf	4.8	269	610	591	5	1	4	2.30	3
scent	7.8	473	291	458	5	1	4	2.62	3
scholar	9.0	547	442	454	7	2	6	2.34	0
scoop	5.0	266	416	486	5	1	4	2.10	4
scope	9.3	570	191	422	5	1	4	2.15	3
score	5.5	298	340	550	5	1	4	2.70	9
scrap	6.0	333	425	501	5	1	5	2.07	2
screen	5.6	298	530	527	6	1	5	2.89	1
screw	5.6	310	517	520	5	1	4	2.28	3
script	7.7	460	498	462	6	1	6	2.49	0
scrum	8.5	492	502	449	5	1	5	1.83	3
seal	5.8	320	607	458	4	1	3	3.18	13
seat	4.5	243	604	599	4	1	3	3.63	15
section	7.0	422	255	540	7	2	5	3.08	1
sector	9.6	590	235	441	6	2	6	2.86	3
secure	7.3	428	245	537	6	2	6	2.97	0
seed	5.0	275	438	491	4	1	3	3.33	18
seek	5.8	322	331	495	4	1	3	3.11	10
seesaw	3.7	172	628	442	6	2	4	1.95	0
seize	7.9	477	178	472	5	1	3	2.33	1
seldom	8.9	547	191	465	6	2	6	2.59	0
select	6.5	380	246	558	6	2	6	2.83	0
selfish	6.1	337	225	562	7	2	6	2.44	0
sell	5.1	279	295	547	4	1	3	3.46	11
senate	10.6	645	248	433	6	2	5	2.66	1
send	5.1	283	274	614	4	1	4	3.22	8
senior	7.2	426	321	506	6	2	6	2.83	1
sensual	10.1	634	300	475	7	2	7	2.66	0
septic	9.7	594	382	419	6	2	6	2.38	1
serene	9.7	600	390	432	6	2	5	3.00	0
sermon	8.0	490	364	412	6	2	5	2.88	0
serve	6.3	345	269	523	5	1	3	2.64	3
session	7.4	439	250	521	7	2	4	2.97	1
setback	8.8	546	205	482	7	2	6	2.22	0
seventh	5.0	272	274	520	7	2	5	2.71	1
severe	7.2	429	245	517	6	2	5	2.92	1
shade	5.6	293	459	509	5	1	3	2.88	8
shaft	8.3	500	390	427	5	1	4	2.62	2
shallow	6.1	353	442	506	7	2	4	2.47	1
shame	6.9	366	356	539	5	1	3	2.72	6
shape	4.5	255	493	561	5	1	3	2.58	6
share	4.6	250	315	580	5	1	3	3.32	14
shark	4.9	252	645	462	5	1	3	2.83	6
sharp	4.3	230	514	523	5	1	3	2.85	2
shave	6.7	394	517	557	5	1	3	2.96	10
sheep	3.9	199	641	484	5	1	3	3.12	6
sheer	8.5	516	334	432	5	1	3	3.51	7
shelf	5.2	282	571	546	5	1	4	2.72	2
shell	5.1	282	608	473	5	1	3	3.26	5
sherry	8.3	498	426	440	6	2	4	2.48	1
shift	6.6	380	270	497	5	1	4	2.84	3
shine	5.3	289	481	532	5	1	3	3.39	10
shiny	4.6	241	547	540	5	2	4	3.28	3
shoe	3.3	152	640	635	4	1	2	2.26	6
shone	7.0	396	413	425	5	1	3	3.13	6
shook	6.1	348	307	498	5	1	3	2.84	3
shoot	5.7	330	474	499	5	1	3	2.82	4
shore	5.8	320	555	473	5	1	3	3.28	13
shot	5.0	276	446	530	4	1	3	2.70	12
shown	5.8	327	190	576	5	1	3	3.08	3
shrewd	10.1	620	248	424	6	1	4	2.22	1
shrill	9.3	574	300	419	6	1	4	2.67	1
shroud	9.7	599	364	385	6	1	4	2.60	0
shudder	7.8	472	356	476	7	2	5	2.44	0
sick	4.0	197	518	564	4	1	3	2.99	15
signal	6.5	350	490	520	6	2	5	2.51	0
silence	4.8	277	413	559	7	2	6	2.80	0
silent	4.7	256	303	576	6	2	6	2.85	0
silk	7.0	407	590	485	4	1	4	3.05	7
simple	5.4	299	195	583	6	2	5	3.07	6
sincere	8.5	505	250	487	7	2	6	2.89	0
sing	4.2	218	465	573	4	1	3	3.15	13
sink	4.5	244	611	574	4	1	4	2.96	13
sixteen	5.0	268	390	489	7	2	7	2.68	0
sixth	5.0	261	305	524	5	1	5	2.53	1
sixty	5.1	283	427	546	5	2	6	2.45	1
sketch	6.5	357	496	490	6	1	4	1.93	0
skill	6.6	365	305	549	5	1	4	2.65	4
skin	4.3	214	603	607	4	1	4	2.30	7
skinny	6.5	386	559	583	6	2	5	2.06	0
skull	7.0	423	640	443	5	1	4	2.56	1
slab	7.7	449	455	418	4	1	4	2.19	8
slack	7.4	423	297	472	5	1	4	3.00	7
slave	6.4	349	580	461	5	1	4	2.86	4
sleek	8.3	508	385	469	5	1	4	2.49	2
slice	5.3	287	547	566	5	1	4	3.00	4
slick	8.8	539	335	460	5	1	4	2.93	6
slide	4.3	217	551	506	5	1	4	2.47	4
slight	7.3	430	200	553	6	1	4	2.63	4
slip	4.6	255	426	521	4	1	4	2.12	11
slipper	4.6	260	594	502	7	2	6	2.58	2
slope	5.8	331	469	514	5	1	4	2.49	3
slow	4.4	247	365	614	4	1	3	2.64	12
slum	8.3	507	408	434	4	1	4	2.06	10
slump	7.7	460	438	453	5	1	5	2.11	4
smart	5.7	313	330	569	5	1	4	3.03	1
smell	4.0	192	313	635	5	1	4	2.69	5
smile	3.8	218	647	640	5	1	4	2.94	2
snap	5.2	282	429	513	4	1	4	1.72	5
snatch	5.3	289	366	520	6	1	4	2.16	0
snuggle	5.3	302	453	533	7	2	5	1.88	1
soak	5.5	291	409	530	4	1	3	2.72	3
sober	9.0	561	290	597	5	2	5	2.64	0
sofa	4.7	252	619	603	4	2	4	2.26	3
solar	8.3	502	435	443	5	2	5	2.51	3
sole	7.2	426	338	472	4	1	3	3.20	11
sonar	11.5	686	260	402	5	2	5	2.62	1
sonic	9.3	564	307	371	5	2	5	2.52	2
sonnet	10.8	655	356	382	6	2	5	2.96	1
sore	4.7	252	358	517	4	1	3	3.68	14
sought	8.1	493	205	445	6	1	3	2.91	3
soul	7.6	466	280	521	4	1	3	2.87	4
soup	4.8	260	608	537	4	1	3	2.76	4
sour	6.4	353	358	499	4	2	4	3.39	11
source	8.3	485	250	499	6	1	3	2.97	0
soviet	11.2	700	310	381	6	2	5	2.96	0
soya	10.1	616	341	456	4	2	3	2.16	2
spark	6.3	368	552	465	5	1	4	2.66	4
spear	6.6	376	557	440	5	1	4	2.92	4
special	4.7	259	256	596	7	2	5	2.73	0
spell	4.9	269	429	552	5	1	4	2.90	5
sphere	7.5	442	553	439	6	1	4	2.64	0
spin	4.8	254	395	475	4	1	4	2.04	5
spine	7.3	423	543	492	5	1	4	2.87	9
spire	7.2	438	483	426	5	2	5	2.80	7
spit	4.7	255	517	505	4	1	4	1.93	6
split	6.0	325	453	519	5	1	5	2.30	1
sponge	5.0	268	566	513	6	1	5	2.58	1
spooky	5.9	353	413	512	6	2	5	2.11	1
sport	4.6	246	546	617	5	1	4	2.78	5
spread	5.8	328	425	568	6	1	5	2.61	0
spring	5.1	269	526	499	6	1	5	3.08	5
spur	8.7	518	404	412	4	1	4	2.17	4
squad	7.5	438	432	488	5	1	5	1.98	3
squash	5.1	283	483	533	6	1	5	2.19	0
squat	8.0	492	418	445	5	1	5	2.09	2
squeeze	4.9	266	472	497	7	1	5	1.72	0
stake	7.5	446	469	473	5	1	4	2.80	9
stale	6.4	368	353	488	5	1	4	3.21	12
stall	6.2	354	441	483	5	1	4	3.21	5
stammer	8.2	507	343	422	7	2	6	2.75	0
stance	9.3	574	154	449	6	1	5	2.95	1
star	4.0	197	640	514	4	1	4	2.74	7
stare	5.7	334	405	540	5	1	4	3.42	13
stark	8.0	477	214	429	5	1	4	2.93	9
startle	7.3	438	353	477	7	2	5	2.84	0
starve	6.4	380	395	564	6	1	4	2.50	0
status	8.9	553	225	485	6	2	6	2.67	2
steamer	8.0	477	360	447	7	2	6	2.73	1
steel	7.3	433	516	485	5	1	4	2.95	4
steep	5.9	341	461	547	5	1	4	2.82	7
steer	6.2	356	365	460	5	1	4	3.21	5
stem	5.9	335	421	465	4	1	4	2.73	4
stern	7.3	425	329	454	5	1	4	2.97	1
steroid	11.1	692	329	433	7	2	6	2.15	0
steward	8.2	491	438	453	7	2	6	2.39	0
stick	4.6	255	444	532	5	1	4	3.30	5
stiff	5.8	330	376	532	5	1	4	2.78	3
stingy	7.6	449	275	499	6	2	6	2.66	1
stir	5.6	298	475	550	4	1	4	2.17	1
stock	8.2	493	300	479	5	1	4	2.95	6
stole	5.6	310	251	523	5	1	4	3.08	7
stolen	5.4	302	311	520	6	2	6	2.74	0
stomach	4.7	260	520	558	7	2	6	2.47	0
stone	4.1	206	615	513	5	1	4	3.09	8
storage	6.8	406	403	512	7	2	6	2.71	0
storey	7.0	407	384	464	6	2	5	2.59	3
storm	4.9	261	596	525	5	1	4	2.78	3
stout	9.5	585	316	428	5	1	4	3.32	5
strand	7.1	420	356	479	6	1	6	2.91	0
strap	5.4	307	474	510	5	1	5	2.33	4
stray	6.4	373	238	472	5	1	4	2.51	3
streak	7.8	487	363	449	6	1	5	2.60	1
stream	5.4	299	580	495	6	1	5	2.76	2
stretch	5.9	349	420	572	7	1	5	2.44	0
strict	6.0	353	300	536	6	1	6	3.02	0
strife	9.4	585	234	397	6	1	5	2.34	4
string	4.6	243	620	499	6	1	5	3.30	3
strip	6.9	400	464	505	5	1	5	2.12	1
strode	7.8	472	310	447	6	1	5	2.80	3
stroke	5.4	299	390	478	6	1	5	2.55	3
stroll	6.2	359	384	495	6	1	5	2.49	1
struck	6.2	353	334	479	6	1	5	2.51	0
strung	7.2	420	304	438	6	1	5	2.96	3
stubble	7.6	446	587	504	7	2	5	2.37	2
stuck	5.1	279	351	547	5	1	4	2.83	3
stumble	6.3	366	433	482	7	2	6	2.44	1
style	7.1	382	399	567	5	1	4	2.68	3
suburb	8.6	524	465	472	6	2	5	2.28	0
sugar	4.2	213	596	654	5	2	4	2.43	0
sulky	5.3	298	350	510	5	2	5	2.11	4
sulphur	9.8	610	368	384	7	2	6	1.93	0
sultan	9.1	568	409	380	6	2	6	2.15	1
sung	5.6	313	351	497	4	1	3	2.91	10
sunk	5.6	313	386	476	4	1	4	2.72	11
super	5.1	283	220	572	5	2	5	2.55	1
superb	6.1	352	190	546	6	2	5	2.48	0
supreme	8.4	510	185	456	7	2	6	2.52	0
surf	6.3	368	580	479	4	1	3	2.38	3
surge	8.7	533	256	445	5	1	3	2.56	2
surplus	10.8	663	256	461	7	2	6	2.49	0
survive	6.4	368	311	512	7	2	5	2.77	0
suspend	7.9	472	295	479	7	2	7	2.72	0
sustain	9.3	574	148	476	7	2	6	2.88	0
swallow	4.9	274	523	547	7	2	5	2.16	1
swamp	6.7	400	555	415	5	1	5	2.18	2
sway	7.4	440	321	472	4	1	3	2.54	9
sweat	6.1	338	481	562	5	1	4	2.71	3
sweep	5.6	295	547	486	5	1	4	2.48	4
swept	5.9	330	371	493	5	1	5	2.25	3
swift	7.1	394	323	443	5	1	5	2.25	1
swim	4.3	248	627	543	4	1	4	1.74	5
swindle	9.8	607	269	425	7	2	6	2.31	2
swing	4.7	254	590	496	5	1	4	3.01	6
symbol	6.9	413	369	514	6	2	5	2.22	0
symptom	7.8	456	208	520	7	2	7	2.09	0
syringe	8.1	485	543	453	7	2	6	2.40	0
syrup	5.3	296	535	471	5	2	5	1.58	0
taboo	10.1	637	154	429	5	2	4	1.96	1
tail	11.1	210	571	476	4	1	3	3.08	12
taken	4.2	276	195	622	5	2	5	3.08	5
tale	5.3	283	285	491	4	1	3	3.12	16
tall	5.1	214	515	579	4	1	3	3.39	15
tandem	4.0	505	369	405	6	2	6	2.85	0
tango	8.4	516	529	450	5	2	5	2.38	2
tank	5.4	296	572	439	4	1	4	3.04	12
taper	9.8	581	208	369	5	2	5	3.02	5
tariff	10.7	655	237	436	6	2	5	2.25	0
taught	6.0	339	295	572	6	1	3	2.74	2
teach	5.1	286	412	577	5	1	3	3.30	5
team	5.4	296	517	565	4	1	3	2.91	9
tedious	9.8	602	232	492	7	2	6	2.69	0
teeth	3.7	198	636	588	5	1	3	2.75	1
tense	7.9	472	286	532	5	1	4	2.92	4
tension	7.7	466	319	514	7	2	5	2.84	1
tenth	5.4	299	325	466	5	1	4	2.81	3
tepid	10.2	632	265	397	5	2	5	2.25	0
texture	7.9	480	405	509	7	2	7	2.47	0
theatre	5.9	330	566	520	7	2	5	2.92	0
theme	7.2	414	154	524	5	1	3	3.25	3
thick	5.2	289	453	577	5	1	3	3.64	3
thigh	6.4	361	543	537	5	1	2	2.95	0
thin	4.8	254	525	600	4	1	3	3.67	6
thirst	4.3	210	375	577	6	1	4	2.92	0
thirsty	4.0	199	378	647	7	2	5	2.44	0
thirty	5.1	286	429	510	6	2	4	2.81	0
thorn	5.9	341	595	469	5	1	3	3.12	1
thrill	7.3	392	403	502	6	1	4	2.69	2
throat	5.4	307	538	541	6	1	4	2.59	1
throne	5.6	308	583	415	6	1	4	2.86	1
thrust	8.3	498	384	469	6	1	5	2.65	1
tickle	4.2	229	450	529	6	2	4	2.58	5
tight	5.4	298	325	586	5	1	3	3.26	8
till	5.7	320	520	579	4	1	3	3.53	15
tilt	7.4	453	421	482	4	1	4	3.19	9
tinsel	4.6	243	591	435	6	2	5	2.49	0
tiny	4.6	248	463	581	4	2	4	3.26	5
tire	7.4	428	293	454	4	2	4	3.34	13
tissue	4.8	263	628	601	6	2	4	2.33	0
titan	11.1	700	330	376	5	2	5	2.68	0
toddle	6.0	356	320	415	6	2	4	2.78	0
toga	9.7	586	444	394	4	2	4	1.93	2
toilet	3.4	164	632	666	6	2	5	2.75	1
toll	8.4	492	302	413	4	1	3	3.36	12
tone	7.0	423	283	520	4	1	3	3.21	15
tongue	4.0	199	628	534	6	1	3	2.49	0
tooth	4.1	206	602	565	5	1	3	2.89	1
torch	5.0	268	627	479	5	1	3	3.09	2
toss	6.9	415	370	468	4	1	3	3.17	11
tough	6.2	364	290	534	5	1	3	2.84	5
tour	6.7	394	354	483	4	1	3	3.29	7
tourist	7.1	426	528	506	7	2	6	2.82	1
toward	6.2	359	172	601	6	2	5	2.57	1
toxic	7.9	480	511	472	5	2	6	2.08	3
toxin	10.6	663	315	423	5	2	6	2.20	1
trace	6.5	380	239	480	5	1	4	3.17	7
tractor	4.5	240	655	425	7	2	7	2.45	1
traffic	5.4	291	599	621	7	2	6	2.37	0
tragic	8.0	492	288	494	6	2	6	2.46	0
trailer	7.0	407	538	477	7	2	6	2.89	4
trainer	6.2	345	602	575	7	2	6	2.98	3
traitor	8.1	495	300	454	7	2	6	2.52	1
trample	7.0	400	335	460	7	2	6	2.69	0
transit	9.0	540	293	438	7	2	7	2.34	0
trap	5.3	296	469	486	4	1	4	2.25	6
trauma	9.1	553	403	460	6	2	5	2.22	0
tray	5.1	282	499	542	4	1	3	2.57	7
tread	6.4	359	351	504	5	1	4	3.03	5
treason	8.6	519	257	405	7	2	5	2.60	0
treble	8.5	513	252	442	6	2	5	2.58	0
tree	3.6	171	644	565	4	1	3	2.56	4
trench	8.6	532	475	432	6	1	5	2.73	1
trend	8.2	488	260	540	5	1	5	3.06	1
tribe	7.1	401	505	447	5	1	4	2.51	4
tribute	8.9	540	300	475	7	2	7	2.19	1
trick	5.4	294	423	522	5	1	4	3.23	7
trimmer	6.9	394	384	408	7	2	6	2.73	2
trinket	8.1	484	450	402	7	2	7	2.55	0
trio	7.5	439	453	441	4	2	4	1.68	2
triple	7.2	426	327	509	6	2	5	2.74	1
trophy	6.4	368	617	447	6	2	5	2.38	0
trot	6.5	374	425	439	4	1	4	2.83	3
trouser	4.3	232	655	628	7	2	6	2.99	0
truck	4.9	261	590	484	5	1	4	2.79	4
trust	6.0	336	359	581	5	1	5	3.02	2
trustee	11.6	700	205	415	7	2	6	2.46	1
tube	5.9	337	548	523	4	1	4	1.85	3
tulip	6.1	354	632	432	5	2	6	1.96	0
tumbler	7.5	449	553	463	7	2	7	2.71	3
tune	5.4	291	420	558	4	1	4	2.72	5
turban	8.3	507	576	411	6	2	5	2.25	0
turf	8.0	488	520	452	4	1	3	2.15	3
twelfth	5.9	328	343	501	7	1	6	1.59	0
twice	4.9	260	223	613	5	1	4	2.83	2
twin	5.2	307	543	490	4	1	4	1.95	3
type	6.0	327	423	586	4	1	3	2.22	3
unique	7.5	433	239	502	6	2	5	2.25	0
unite	7.8	466	327	482	5	2	5	3.02	2
upgrade	8.9	531	284	505	7	2	6	1.92	0
upheld	9.2	560	192	447	6	2	6	2.38	1
uplift	8.7	540	295	445	6	2	6	1.62	0
upward	5.4	310	238	509	6	2	5	2.20	0
urge	7.7	453	274	516	4	1	2	1.73	0
urgent	6.8	400	285	516	6	2	5	2.33	0
urine	7.8	466	575	479	5	2	5	2.90	1
useful	6.2	339	217	621	6	2	6	2.00	0
useless	6.2	349	220	600	7	2	6	2.48	0
vacant	7.7	456	263	506	6	2	6	2.63	0
vaccine	8.3	492	409	437	7	2	6	2.76	0
vague	8.6	518	225	517	5	1	3	2.28	2
vain	8.0	488	305	502	4	1	3	2.85	7
vandal	7.9	480	450	460	6	2	5	2.56	1
vanish	5.6	315	384	486	6	2	5	2.52	1
vary	7.8	469	172	510	4	2	4	2.87	3
vast	7.7	463	366	479	4	1	4	3.08	10
veal	9.6	581	396	395	4	1	3	3.22	11
vehicle	5.8	333	619	541	7	2	4	2.22	0
vein	7.4	435	511	506	4	1	3	2.49	3
verge	8.0	495	415	466	5	1	3	2.46	4
version	7.5	446	213	527	7	2	4	2.84	0
versus	7.1	420	170	496	6	2	5	2.30	1
vest	4.8	263	571	475	4	1	4	3.39	11
vicar	5.7	327	570	449	5	2	5	2.32	0
vicious	7.7	469	344	482	7	2	5	2.80	0
virile	12.1	700	230	367	6	2	5	2.87	0
visa	10.1	616	473	542	4	2	4	2.05	1
visit	4.6	229	279	591	5	2	5	2.51	0
void	8.8	531	274	439	4	1	3	2.49	0
vomit	7.4	438	580	513	5	2	5	2.56	0
voter	8.1	477	257	488	5	2	5	3.13	2
vowel	6.8	393	330	508	5	2	4	2.71	3
wagon	6.3	353	576	450	5	2	5	2.20	0
wake	4.6	241	366	617	4	1	3	3.35	15
wallet	5.5	305	605	618	6	2	5	3.08	4
ward	6.8	400	473	439	4	1	3	3.15	15
warmth	5.4	315	449	566	6	1	4	2.59	0
warn	5.9	328	301	534	4	1	3	3.06	14
warrant	9.2	560	232	434	7	2	6	2.90	0
wave	4.8	260	594	551	4	1	3	3.58	14
weak	5.5	317	311	549	4	1	3	3.13	8
wealth	7.6	452	400	510	6	1	4	2.78	1
wedge	7.4	438	446	490	5	1	3	2.36	3
weed	6.1	349	575	495	4	1	3	3.56	10
weigh	5.7	315	384	553	5	1	2	2.31	0
weight	5.9	333	373	592	6	1	3	2.60	3
weird	6.3	345	279	621	5	1	3	2.68	0
welfare	9.7	616	258	495	7	2	6	2.64	0
wheel	3.9	214	622	530	5	1	3	3.39	0
whether	6.9	407	154	634	7	2	5	3.09	1
whimper	7.5	446	338	417	7	2	6	2.74	1
wigwam	7.3	433	523	339	6	2	6	1.88	0
wild	6.0	345	341	544	4	1	4	3.54	7
wilt	8.0	484	432	447	4	1	4	3.42	11
wing	4.7	246	576	485	4	1	3	3.50	11
wire	5.6	314	562	473	4	2	4	3.57	17
wise	6.9	400	320	502	4	1	3	3.34	9
wither	8.6	533	348	426	6	2	5	3.32	3
witty	8.7	538	307	503	5	2	4	2.44	3
woke	5.4	291	280	617	4	1	3	2.85	7
womb	8.3	498	461	451	4	1	3	2.88	3
wonky	5.7	319	403	499	5	2	5	2.67	0
worn	5.9	320	400	510	4	1	3	3.16	12
worse	5.5	302	238	607	5	1	3	3.49	4
worship	6.9	415	445	464	7	2	5	2.30	1
wound	6.4	341	570	479	5	1	4	3.52	8
wrap	5.2	283	418	513	4	1	3	1.88	2
wrath	10.6	663	279	426	5	1	3	2.97	0
wreck	6.5	348	570	490	5	1	3	2.84	2
wrist	5.2	282	553	539	5	1	4	2.94	4
yeast	8.1	492	427	458	5	1	4	3.23	3
yield	9.9	626	300	439	5	1	4	2.54	2
yoga	10.4	656	515	479	4	2	4	1.95	1
zero	4.6	239	485	520	4	2	4	2.29	1